1033.210965 384.667435 104.236856 -519.759825
980.545741 383.308745 81.311577 -519.759825
949.379955 378.961290 49.291568 -519.759825
877.520825 370.497432 -51.453835 -519.759825
0 0 0 0
1024.348986 309.429668 120.729880 -519.759825
967.902744 300.147979 93.547868 -519.759825
894.061035 291.770525 21.285062 -519.759825
855.480724 297.826502 -43.027433 -519.759825
0 0 0 0
973.727082 188.583534 127.263060 -519.759825
927.302640 187.205736 87.646616 -519.759825		
862.330742 180.653702 34.567715 -519.759825
0 0 0 0
996.253481 53.436381 172.952170 -519.759673
925.276441 60.535060 112.426192 -519.759825
860.332338 66.069992 62.532536 -519.759673
0 0 0 0
988.336763 -104.952261 199.783712 -519.759520
957.436416 -108.521807 187.354171 -519.759673
915.951885 -114.535799 140.985726 -519.759520
874.369191 -124.986001 95.720257 -519.759673
834.126611 -121.410836 22.828115 -519.759520
0 0 0 0			
986.786531 -204.533739 217.052176 -519.759520
934.687694 -202.398674 184.258523 -519.759673
881.023947 -205.130960 123.089582 -519.759673
817.298650 -219.987893 -36.504088 -519.759520
0 0 0 0			
978.517197 -352.972866 241.825492 -519.759215
931.273254 -356.881830 210.599459 -519.759520
893.384656 -356.255424 164.317157 -519.759520
849.945977 -363.157767 102.992130 -519.759520
826.210833 -375.054195 19.58541 -519.759520
807.534616 -389.103053 -94.350673 -519.759673
781.254055 -385.539495 -325.341353 -519.760131
0 0 0 0			
982.080168 -489.543288 265.001344 -519.757689
936.556349 -471.870507 237.554928 -519.759520
887.266180 -479.779398 176.11504 -519.759368
830.050341 -497.184546 77.296415 -519.759520
807.354000 -512.032786 -63.124527 -519.759520
787.196773 -518.646165 -169.376146 -519.759673
771.420948 -529.134165 -332.603061 -519.759825
0 0 0 0


